RDA3
A
3
262402
197888
6
CP1252
1026
1
262153
4
ISIT
787
14
14
789
517
582
547
614
1068
1005
1036
1100
1490
1520
1550
1587
1972
2003
2034
2068
2444
2504
2477
2536
3722
3446
3630
3660
3939
3414
3505
3534
3912
3568
3600
3697
3853
3880
3474
3789
3758
3818
501
927
865
898
955
1319
1380
1412
1352
1799
1767
1828
2300
1857
2243
2212
2267
3333
3277
3394
3362
3164
3187
3249
3541
3423
3623
3857
3888
3448
3480
3509
3658
3716
3743
3771
3916
3219
3303
3565
3686
3798
3832
3595
516
550
591
1053
1020
1090
1125
1555
1588
1626
1662
2131
2169
2202
2097
2625
2656
2726
3965
3750
3790
3927
2692
3890
3856
3716
3824
559
634
522
596
670
526
561
633
596
671
708
742
773
811
845
882
919
1305
1355
1257
1208
1750
718
818
1796
768
668
1847
1899
2386
2289
2335
2435
2828
2875
2975
2927
3415
3516
3367
3463
3897
3995
3946
1356.21
1277.74
1473.91
1199.28
1238.51
1316.98
1513.15
1591.62
1630.85
1081.57
1552.38
650
963.87
689.23
1003.11
1042.34
728.47
924.64
767.7
806.9400000000001
1748.55
1866.26
1905.49
2101.66
2023.19
2062.43
1787.79
1827.02
2140.89
2180.13
2337.06
2297.83
2376.3
2454.77
2415.53
1417
1167
1452
1276
1521
1132
1203
1487
1658
1239
1692
682
922
1760
1896
957
715
1930
1726
749
887
992
1965
647
1998
2133
2166
2200
2234
2438
2267
2505
2471
2404
1300
1369
1127
1335
1195
1231
1503
1161
1402
1435
1469
1056
1091
1636
1536
1020
1569
985
951
1669
1702
1804
1771
1737
1872
1974
1838
1905
2041
2007
2140
2074
2107
2207
2240
2173
2308
2443
2409
2375
2476
2510
2341
2577
2644
2543
2747
2781
2815
2849
2678
2713
2916
2882
2628
2661
2594
2996
3129
2695
2896
3096
3431
3464
2795
3062
3163
3196
3229
3296
3733
4204
2729
3029
3531
2829
2863
2963
3498
3633
3666
3397
3565
3766
3834
3901
4002
4103
4306
2762
3363
3699
3867
3968
4136
4238
3330
4036
4170
4441
4475
3800
4069
4340
4374
4408
4509
4543
4577
1575
1605
1419
1451
1483
1636
1514
1322
1696
1387
1727
1758
1790
1354
1289
1666
1821
1884
1257
1192
1916
1095
1030
930
1128
1160
1062
2333
997
1947
2010
2074
1978
2235
963
2365
2527
2301
2430
2397
2268
2107
2042
2203
2463
2558
2139
2622
2653
2716
2748
2590
2685
692
836
801
765
728
1127
1091
1166
1201
1239
1495
1532
2307
1568
1604
1865
2419
2382
2051
2346
1902
1939
2455
2861
2715
2789
2753
2825
3118
1977
2013
3190
3154
3521
3225
3265
3558
3596
3629
3668
543
580
505
617
691
656
766
730
802
840
1023
913
1207
1096
1355
1170
1282
1060
1134
1242
877
1317
951
1392
1730
1431
2358
1879
1470
2066
2396
2320
1805
1953
2213
1768
2503
2538
2578
1844
2650
1991
2140
2175
2687
2468
1918
2029
2250
2722
2758
2431
2613
2102
2794
2833
634
599
709
671
781
744
890
854
1183
1073
927
818
1110
1219
999
1292
963
1330
1035
1259
1367
1402
1440
2452
1547
1475
1584
1511
2560
2164
2487
2524
1621
1911
2380
1877
2201
2344
2019
2275
1983
2056
2595
2740
2236
2307
2668
2777
1947
2093
2128
2706
2631
2883
2919
2812
2849
2957
591.24
554.97
518.7
627.51
663.78
700.05
772.59
808.86
736.3200000000001
990.21
917.67
845.13
953.9400000000001
1026.48
881.4
1099.02
1316.64
1135.29
1171.56
1244.1
1207.83
1280.37
1389.18
1352.91
1497.99
1461.72
1425.45
1534.26
1788.15
1896.96
1860.69
1969.5
2404.74
2477.28
1933.23
2005.77
1824.42
2368.47
2259.66
2767.44
2694.9
2586.09
2731.17
2078.31
2441.01
2513.55
2622.36
2150.85
2658.63
2042.04
2295.93
2549.82
2114.58
2223.39
2187.12
2803.71
598
631
700
666
1317
1352
1417
1386
938
1009
974
1652
1043
1719
1686
2048
1751
2080
2015
2378
2114
2345
2711
2412
2445
2744
2779
3044
3441
3473
3742
3776
3140
3406
2810
3074
3810
3841
4109
4174
4141
4206
4766
4797
4866
3108
3509
4437
4469
4502
4831
724
858
689
655
823
1185
758
924
1252
1087
1216
556
891
1152
956
1054
1651
1119
790
623
987
1684
1022
1718
1783
588
1749
2343
2375
2408
2472
2441
3060
3844
3093
3811
3160
4424
3877
3125
3192
4488
3746
3778
4551
4455
4521
580
516
549
709
612
1224
678
646
741
1189
1125
867
1617
1649
1030
1684
772
1092
1158
804
898
834
1748
963
1718
995
931
1063
2339
2307
2405
2371
2435
3059
3028
3772
3157
3124
3740
3803
3092
3833
3707
4462
4401
4432
4368
4494
1508
1544
1330
1147
640
1111
1578
1686
1291
1614
1721
604
1437
1218
567
1401
1183
1795
1364
1830
673
1473
1757
928
745
1075
1868
856
1038
708
818
781
1900
963
531
1938
1974
1001
2191
2228
2296
2262
2512
2548
2618
2583
2866
2901
2831
14
789
28.73
27.9
23.44
18.33
12.38
11.23
11.06
10.57
8.92
7.26
6.6
6.44
4.29
3.8
3.63
2.81
2.48
1.98
1.32
1.32
0.83
0.66
0.66
0.66
0.66
0.5
0.5
0.5
0.5
0.33
0.33
0.33
0.33
0.33
0.17
0.17
0
0
21.53
12.88
12.53
11.64
11.47
10.23
9.17
8.82
7.94
6
4.59
3.88
3.71
3.18
2.47
2.29
2.29
1.41
1.06
1.06
0.88
0.71
0.71
0.71
0.71
0.53
0.53
0.53
0.53
0.35
0.35
0.35
0.35
0.35
0.35
0.35
0.35
0.18
0.18
0.18
0.18
0.18
0.18
0
24.43
22.41
20.07
12.14
11.05
10.74
9.65
8.25
7
6.85
4.82
2.49
2.49
2.49
1.87
1.87
1.71
1.09
1.09
0.62
0.62
0.62
0.47
0.47
0.31
0.16
0.16
27.56
27.56
26.45
24.52
17.73
26.83
25.66
23.01715291
20.67
20.08503152
19.64521331
16.12666764
14.36739481
12.46151591
12.31490984
12.0216977
11.87509163
33.91
33.59
32.3
29.71
20.02
19.49
18.41
16.79
16.47
16.26
12.92
9.15
2.15
1.94
1.83
1.61
1.4
0.75
0.75
0.65
0.43
0.43
0.32
0.32
0.22
0.11
0
45.98
43.24
41.48
41.13
39.9
39.2
30.23
30.23
26.89
25.95
24.78
24.26
23.03
22.68
22.5
21.8
20.92
18.98
17.58
17.09
16.35
15.82
14.55
14.24
13.89
11.78
11.25
9.84
6.15
5.48
4.39
3.87
3.34
2.95
1.76
39.43
37.91
35.93
35.78
35.78
33.49
32.28
30.6
30.14
29.99
22.99
20.25
20.1
19.64
18.88
18.73
18.57
17.51
17.2
16.44
16.14
15.53
14.62
14.16
11.57
8.07
7.31
5.48
4.26
2.89
2.59
1.37
1.07
0.76
31.08
25.48
25.02
24.55
22.07
21.91
21.76
21.13
20.82
20.82
20.2
19.27
18.18
18.18
17.56
16.47
16.16
15.38
14.45
12.59
11.81
11.03
10.88
9.32
8.24
7.15
6.06
5.9
5.59
4.66
4.66
4.2
4.2
3.57
3.57
3.42
3.42
2.18
2.02
1.86
1.86
1.71
1.55
1.4
1.4
1.24
0.93
0.93
0.93
0.93
0.78
0.78
0.47
0.16
2.32
2.01
1.7
1.7
1.39
1.23
1.23
1.23
1.08
1.08
0.93
0.93
0.93
0.93
0.93
0.93
0.93
0.93
0.77
0.77
0.77
0.62
0.62
0.62
0.62
0.62
0.62
0.46
0.46
0.46
0.46
0.46
0.46
0.46
0.46
0.31
0.31
0.31
0.31
0.31
0.31
0.31
0.15
0.15
0.15
0.15
0.15
0
0
0
0
0
0
0
0
42.53
37.5
30.03
29.22
28.57
26.46
25.33
25.16
24.35
23.86
23.22
21.92
21.59
20.46
20.29
20.13
19.48
18.67
18.34
18.18
16.88
15.58
15.26
15.1
15.1
14.45
13.96
13.64
12.99
12.34
11.04
10.39
10.07
9.58
9.42
8.279999999999999
8.279999999999999
8.119999999999999
7.95
7.79
7.31
6.82
6.49
6.49
6.01
5.19
4.22
4.06
4.06
2.44
1.95
1.79
1.46
13.59
12.58
10.84
10.56
9.98
9.4
9.109999999999999
8.390000000000001
6.07
6.07
5.49
4.34
3.76
3.47
3.04
2.75
2.75
2.6
2.17
2.17
2.02
2.02
2.02
1.88
1.59
1.59
1.3
1.3
1.3
1.01
1.01
1.01
0.72
0.58
0.43
0.43
0.43
0.43
0.43
0.29
33.34
32.57
28.57
26.1
22.29
21.72
17.72
15.24
14.48
13.52
10.1
9.720000000000001
9.720000000000001
9.33
9.33
9.140000000000001
8.949999999999999
8.76
8.76
8.76
7.43
7.43
7.05
7.05
5.33
4.95
4.19
4
3.24
3.24
3.24
3.05
2.67
2.67
2.67
2.48
2.48
2.48
2.48
2.29
2.29
2.1
2.1
2.1
2.1
1.9
1.71
1.71
1.71
1.71
1.71
1.52
1.52
1.33
1.33
1.33
27.8
27.24
21.46
19.22
17.54
17.35
16.23
15.49
13.62
12.87
11.75
11.2
10.82
10.64
10.45
10.26
9.699999999999999
9.699999999999999
9.52
8.58
7.09
6.72
6.16
6.16
5.41
5.22
5.22
4.85
4.29
3.92
3.92
3.92
3.73
3.73
3.73
3.17
3.17
3.17
2.99
2.99
2.8
2.8
2.8
2.8
2.61
2.43
2.43
2.43
2.24
2.24
1.87
1.87
1.68
1.68
1.68
1.49
1.49
1.31
78.66923996
77.93401342
59.55334988
56.61244371
51.28205128
38.96700671
34.37184082
31.98235456
27.57099531
23.15963606
22.97582943
22.42440952
21.13776307
20.03492326
18.74827681
17.82924364
16.54259719
15.99117728
15.80737065
14.33691756
14.15311093
14.15311093
11.9474313
11.21220476
10.10936495
8.822718500000001
8.271298593999999
7.536072052
4.778972521
4.41135925
3.859939344
3.676132708
3.676132708
3.676132708
3.492326073
3.308519438
3.124712802
3.124712802
2.940906167
2.940906167
2.757099531
2.573292896
2.573292896
2.38948626
2.38948626
2.38948626
2.38948626
2.205679625
2.205679625
2.02187299
2.02187299
2.02187299
1.838066354
1.470453083
1.286646448
1.102839813
53.37
51.32
42.42
38.32
37.29
36.27
32.16
31.82
28.74
28.74
26.34
26
25.66
25.66
22.24
15.05
14.71
12.66
11.63
10.95
8.9
6.16
5.47
4.11
4.11
4.11
3.42
3.42
2.39
2.39
2.05
2.05
1.71
1.71
1.37
1.37
1.37
1.37
1.37
1.03
0.68
0.68
0.68
0.68
0.68
0.34
0.34
0.34
0.34
0.34
0
28.7
27.59
24.24
23.97
21.46
19.79
18.95
17.83
17.83
17.28
17.28
16.72
16.72
16.72
16.44
16.44
16.16
15.88
15.05
14.49
14.21
14.21
13.1
12.26
11.37
8.640000000000001
6.13
5.29
4.74
4.74
4.35
4.18
2.79
2.23
1.95
1.95
1.39
1.39
1.34
1.11
1
0.84
0.5600000000000001
0.5600000000000001
0.33
0.28
0.28
36.33
31.63
31.42
26.5
25.43
25.01
24.37
22.23
22.23
22.23
21.59
20.73
20.3
20.09
19.66
19.66
18.59
18.59
18.59
17.74
17.53
16.46
16.16
15.18
14.96
14.53
13.04
13.04
9.4
7.91
5.13
4.49
3.85
2.35
1.92
1.92
1.8
1.71
1.28
1.28
1.07
1.03
0.85
0.64
0.43
0.21
0
0
46.69
40.16
35.93
35.54
35.35
34.78
34.2
34.2
34.01
33.05
32.28
31.51
30.93
29.97
29.59
29.01
28.63
28.24
27.86
27.86
27.47
27.28
26.71
24.21
22.67
22.67
22.67
22.48
21.52
20.94
20.75
20.56
20.37
19.79
18.83
17.29
16.52
15.18
8.449999999999999
6.92
5.76
5.19
3.46
3.07
3.07
2.88
2.69
2.11
1.73
13
789
1
1
1
1
1
1
1
1
1
1
1
1
1
1
1
1
1
1
1
1
1
1
1
1
1
1
1
1
1
1
1
1
1
1
1
1
1
1
2
2
2
2
2
2
2
2
2
2
2
2
2
2
2
2
2
2
2
2
2
2
2
2
2
2
2
2
2
2
2
2
2
2
2
2
2
2
2
2
2
2
2
2
3
3
3
3
3
3
3
3
3
3
3
3
3
3
3
3
3
3
3
3
3
3
3
3
3
3
3
4
4
4
4
4
5
5
5
5
5
5
5
5
5
5
5
5
6
6
6
6
6
6
6
6
6
6
6
6
6
6
6
6
6
6
6
6
6
6
6
6
6
6
6
7
7
7
7
7
7
7
7
7
7
7
7
7
7
7
7
7
7
7
7
7
7
7
7
7
7
7
7
7
7
7
7
7
7
7
8
8
8
8
8
8
8
8
8
8
8
8
8
8
8
8
8
8
8
8
8
8
8
8
8
8
8
8
8
8
8
8
8
8
9
9
9
9
9
9
9
9
9
9
9
9
9
9
9
9
9
9
9
9
9
9
9
9
9
9
9
9
9
9
9
9
9
9
9
9
9
9
9
9
9
9
9
9
9
9
9
9
9
9
9
9
9
9
10
10
10
10
10
10
10
10
10
10
10
10
10
10
10
10
10
10
10
10
10
10
10
10
10
10
10
10
10
10
10
10
10
10
10
10
10
10
10
10
10
10
10
10
10
10
10
10
10
10
10
10
10
10
10
11
11
11
11
11
11
11
11
11
11
11
11
11
11
11
11
11
11
11
11
11
11
11
11
11
11
11
11
11
11
11
11
11
11
11
11
11
11
11
11
11
11
11
11
11
11
11
11
11
11
11
11
11
12
12
12
12
12
12
12
12
12
12
12
12
12
12
12
12
12
12
12
12
12
12
12
12
12
12
12
12
12
12
12
12
12
12
12
12
12
12
12
12
13
13
13
13
13
13
13
13
13
13
13
13
13
13
13
13
13
13
13
13
13
13
13
13
13
13
13
13
13
13
13
13
13
13
13
13
13
13
13
13
13
13
13
13
13
13
13
13
13
13
13
13
13
13
13
13
14
14
14
14
14
14
14
14
14
14
14
14
14
14
14
14
14
14
14
14
14
14
14
14
14
14
14
14
14
14
14
14
14
14
14
14
14
14
14
14
14
14
14
14
14
14
14
14
14
14
14
14
14
14
14
14
14
14
15
15
15
15
15
15
15
15
15
15
15
15
15
15
15
15
15
15
15
15
15
15
15
15
15
15
15
15
15
15
15
15
15
15
15
15
15
15
15
15
15
15
15
15
15
15
15
15
15
15
15
15
15
15
15
15
16
16
16
16
16
16
16
16
16
16
16
16
16
16
16
16
16
16
16
16
16
16
16
16
16
16
16
16
16
16
16
16
16
16
16
16
16
16
16
16
16
16
16
16
16
16
16
16
16
16
16
17
17
17
17
17
17
17
17
17
17
17
17
17
17
17
17
17
17
17
17
17
17
17
17
17
17
17
17
17
17
17
17
17
17
17
17
17
17
17
17
17
17
17
17
17
17
17
18
18
18
18
18
18
18
18
18
18
18
18
18
18
18
18
18
18
18
18
18
18
18
18
18
18
18
18
18
18
18
18
18
18
18
18
18
18
18
18
18
18
18
18
18
18
18
18
19
19
19
19
19
19
19
19
19
19
19
19
19
19
19
19
19
19
19
19
19
19
19
19
19
19
19
19
19
19
19
19
19
19
19
19
19
19
19
19
19
19
19
19
19
19
19
19
19
13
789
3
3
3
3
3
3
3
3
3
3
3
3
3
3
3
3
3
3
3
3
3
3
3
3
3
3
3
3
3
3
3
3
3
3
3
3
3
3
3
3
3
3
3
3
3
3
3
3
3
3
3
3
3
3
3
3
3
3
3
3
3
3
3
3
3
3
3
3
3
3
3
3
3
3
3
3
3
3
3
3
3
3
1
1
1
1
1
1
1
1
1
1
1
1
1
1
1
1
1
1
1
1
1
1
1
1
1
1
1
1
1
1
1
1
2
2
2
2
2
2
2
2
2
2
2
2
2
2
2
2
2
2
2
2
2
2
2
2
2
2
2
2
2
2
2
2
2
2
2
2
2
2
2
3
3
3
3
3
3
3
3
3
3
3
3
3
3
3
3
3
3
3
3
3
3
3
3
3
3
3
3
3
3
3
3
3
3
3
2
2
2
2
2
2
2
2
2
2
2
2
2
2
2
2
2
2
2
2
2
2
2
2
2
2
2
2
2
2
2
2
2
2
3
3
3
3
3
3
3
3
3
3
3
3
3
3
3
3
3
3
3
3
3
3
3
3
3
3
3
3
3
3
3
3
3
3
3
3
3
3
3
3
3
3
3
3
3
3
3
3
3
3
3
3
3
3
3
3
3
3
3
3
3
3
3
3
3
3
3
3
3
3
3
3
3
3
3
3
3
3
3
3
3
3
3
3
3
3
3
3
3
3
3
3
3
3
3
3
3
3
3
3
3
3
3
3
3
3
3
3
3
2
2
2
2
2
2
2
2
2
2
2
2
2
2
2
2
2
2
2
2
2
2
2
2
2
2
2
2
2
2
2
2
2
2
2
2
2
2
2
2
2
2
2
2
2
2
2
2
2
2
2
2
2
1
1
1
1
1
1
1
1
1
1
1
1
1
1
1
1
1
1
1
1
1
1
1
1
1
1
1
1
1
1
1
1
1
1
1
1
1
1
1
1
2
2
2
2
2
2
2
2
2
2
2
2
2
2
2
2
2
2
2
2
2
2
2
2
2
2
2
2
2
2
2
2
2
2
2
2
2
2
2
2
2
2
2
2
2
2
2
2
2
2
2
2
2
2
2
2
2
2
2
2
2
2
2
2
2
2
2
2
2
2
2
2
2
2
2
2
2
2
2
2
2
2
2
2
2
2
2
2
2
2
2
2
2
2
2
2
2
2
2
2
2
2
2
2
2
2
2
2
2
2
2
2
2
2
2
2
2
2
2
2
2
2
2
2
2
2
2
2
2
2
2
2
2
2
2
2
2
2
2
2
2
2
2
2
2
2
2
2
2
2
2
2
2
2
2
2
2
2
2
2
2
2
2
2
2
2
2
2
2
2
1
1
1
1
1
1
1
1
1
1
1
1
1
1
1
1
1
1
1
1
1
1
1
1
1
1
1
1
1
1
1
1
1
1
1
1
1
1
1
1
1
1
1
1
1
1
1
1
1
1
1
2
2
2
2
2
2
2
2
2
2
2
2
2
2
2
2
2
2
2
2
2
2
2
2
2
2
2
2
2
2
2
2
2
2
2
2
2
2
2
2
2
2
2
2
2
2
2
3
3
3
3
3
3
3
3
3
3
3
3
3
3
3
3
3
3
3
3
3
3
3
3
3
3
3
3
3
3
3
3
3
3
3
3
3
3
3
3
3
3
3
3
3
3
3
3
2
2
2
2
2
2
2
2
2
2
2
2
2
2
2
2
2
2
2
2
2
2
2
2
2
2
2
2
2
2
2
2
2
2
2
2
2
2
2
2
2
2
2
2
2
2
2
2
2
14
789
50.1508
50.1508
50.1508
50.1508
50.1508
50.1508
50.1508
50.1508
50.1508
50.1508
50.1508
50.1508
50.1508
50.1508
50.1508
50.1508
50.1508
50.1508
50.1508
50.1508
50.1508
50.1508
50.1508
50.1508
50.1508
50.1508
50.1508
50.1508
50.1508
50.1508
50.1508
50.1508
50.1508
50.1508
50.1508
50.1508
50.1508
50.1508
50.091
50.091
50.091
50.091
50.091
50.091
50.091
50.091
50.091
50.091
50.091
50.091
50.091
50.091
50.091
50.091
50.091
50.091
50.091
50.091
50.091
50.091
50.091
50.091
50.091
50.091
50.091
50.091
50.091
50.091
50.091
50.091
50.091
50.091
50.091
50.091
50.091
50.091
50.091
50.091
50.091
50.091
50.091
50.091
50.1337
50.1337
50.1337
50.1337
50.1337
50.1337
50.1337
50.1337
50.1337
50.1337
50.1337
50.1337
50.1337
50.1337
50.1337
50.1337
50.1337
50.1337
50.1337
50.1337
50.1337
50.1337
50.1337
50.1337
50.1337
50.1337
50.1337
49.8358
49.8358
49.8358
49.8358
49.8358
49.8842
49.8842
49.8842
49.8842
49.8842
49.8842
49.8842
49.8842
49.8842
49.8842
49.8842
49.8842
49.2672
49.2672
49.2672
49.2672
49.2672
49.2672
49.2672
49.2672
49.2672
49.2672
49.2672
49.2672
49.2672
49.2672
49.2672
49.2672
49.2672
49.2672
49.2672
49.2672
49.2672
49.2672
49.2672
49.2672
49.2672
49.2672
49.2672
49.8517
49.8517
49.8517
49.8517
49.8517
49.8517
49.8517
49.8517
49.8517
49.8517
49.8517
49.8517
49.8517
49.8517
49.8517
49.8517
49.8517
49.8517
49.8517
49.8517
49.8517
49.8517
49.8517
49.8517
49.8517
49.8517
49.8517
49.8517
49.8517
49.8517
49.8517
49.8517
49.8517
49.8517
49.8517
49.8515
49.8515
49.8515
49.8515
49.8515
49.8515
49.8515
49.8515
49.8515
49.8515
49.8515
49.8515
49.8515
49.8515
49.8515
49.8515
49.8515
49.8515
49.8515
49.8515
49.8515
49.8515
49.8515
49.8515
49.8515
49.8515
49.8515
49.8515
49.8515
49.8515
49.8515
49.8515
49.8515
49.8515
49.5022
49.5022
49.5022
49.5022
49.5022
49.5022
49.5022
49.5022
49.5022
49.5022
49.5022
49.5022
49.5022
49.5022
49.5022
49.5022
49.5022
49.5022
49.5022
49.5022
49.5022
49.5022
49.5022
49.5022
49.5022
49.5022
49.5022
49.5022
49.5022
49.5022
49.5022
49.5022
49.5022
49.5022
49.5022
49.5022
49.5022
49.5022
49.5022
49.5022
49.5022
49.5022
49.5022
49.5022
49.5022
49.5022
49.5022
49.5022
49.5022
49.5022
49.5022
49.5022
49.5022
49.5022
48.5665
48.5665
48.5665
48.5665
48.5665
48.5665
48.5665
48.5665
48.5665
48.5665
48.5665
48.5665
48.5665
48.5665
48.5665
48.5665
48.5665
48.5665
48.5665
48.5665
48.5665
48.5665
48.5665
48.5665
48.5665
48.5665
48.5665
48.5665
48.5665
48.5665
48.5665
48.5665
48.5665
48.5665
48.5665
48.5665
48.5665
48.5665
48.5665
48.5665
48.5665
48.5665
48.5665
48.5665
48.5665
48.5665
48.5665
48.5665
48.5665
48.5665
48.5665
48.5665
48.5665
48.5665
48.5665
50.0005
50.0005
50.0005
50.0005
50.0005
50.0005
50.0005
50.0005
50.0005
50.0005
50.0005
50.0005
50.0005
50.0005
50.0005
50.0005
50.0005
50.0005
50.0005
50.0005
50.0005
50.0005
50.0005
50.0005
50.0005
50.0005
50.0005
50.0005
50.0005
50.0005
50.0005
50.0005
50.0005
50.0005
50.0005
50.0005
50.0005
50.0005
50.0005
50.0005
50.0005
50.0005
50.0005
50.0005
50.0005
50.0005
50.0005
50.0005
50.0005
50.0005
50.0005
50.0005
50.0005
49.751
49.751
49.751
49.751
49.751
49.751
49.751
49.751
49.751
49.751
49.751
49.751
49.751
49.751
49.751
49.751
49.751
49.751
49.751
49.751
49.751
49.751
49.751
49.751
49.751
49.751
49.751
49.751
49.751
49.751
49.751
49.751
49.751
49.751
49.751
49.751
49.751
49.751
49.751
49.751
49.8567
49.8567
49.8567
49.8567
49.8567
49.8567
49.8567
49.8567
49.8567
49.8567
49.8567
49.8567
49.8567
49.8567
49.8567
49.8567
49.8567
49.8567
49.8567
49.8567
49.8567
49.8567
49.8567
49.8567
49.8567
49.8567
49.8567
49.8567
49.8567
49.8567
49.8567
49.8567
49.8567
49.8567
49.8567
49.8567
49.8567
49.8567
49.8567
49.8567
49.8567
49.8567
49.8567
49.8567
49.8567
49.8567
49.8567
49.8567
49.8567
49.8567
49.8567
49.8567
49.8567
49.8567
49.8567
49.8567
49.555
49.555
49.555
49.555
49.555
49.555
49.555
49.555
49.555
49.555
49.555
49.555
49.555
49.555
49.555
49.555
49.555
49.555
49.555
49.555
49.555
49.555
49.555
49.555
49.555
49.555
49.555
49.555
49.555
49.555
49.555
49.555
49.555
49.555
49.555
49.555
49.555
49.555
49.555
49.555
49.555
49.555
49.555
49.555
49.555
49.555
49.555
49.555
49.555
49.555
49.555
49.555
49.555
49.555
49.555
49.555
49.555
49.555
49.807
49.807
49.807
49.807
49.807
49.807
49.807
49.807
49.807
49.807
49.807
49.807
49.807
49.807
49.807
49.807
49.807
49.807
49.807
49.807
49.807
49.807
49.807
49.807
49.807
49.807
49.807
49.807
49.807
49.807
49.807
49.807
49.807
49.807
49.807
49.807
49.807
49.807
49.807
49.807
49.807
49.807
49.807
49.807
49.807
49.807
49.807
49.807
49.807
49.807
49.807
49.807
49.807
49.807
49.807
49.807
49.0322
49.0322
49.0322
49.0322
49.0322
49.0322
49.0322
49.0322
49.0322
49.0322
49.0322
49.0322
49.0322
49.0322
49.0322
49.0322
49.0322
49.0322
49.0322
49.0322
49.0322
49.0322
49.0322
49.0322
49.0322
49.0322
49.0322
49.0322
49.0322
49.0322
49.0322
49.0322
49.0322
49.0322
49.0322
49.0322
49.0322
49.0322
49.0322
49.0322
49.0322
49.0322
49.0322
49.0322
49.0322
49.0322
49.0322
49.0322
49.0322
49.0322
49.0322
48.7772
48.7772
48.7772
48.7772
48.7772
48.7772
48.7772
48.7772
48.7772
48.7772
48.7772
48.7772
48.7772
48.7772
48.7772
48.7772
48.7772
48.7772
48.7772
48.7772
48.7772
48.7772
48.7772
48.7772
48.7772
48.7772
48.7772
48.7772
48.7772
48.7772
48.7772
48.7772
48.7772
48.7772
48.7772
48.7772
48.7772
48.7772
48.7772
48.7772
48.7772
48.7772
48.7772
48.7772
48.7772
48.7772
48.7772
49.4647
49.4647
49.4647
49.4647
49.4647
49.4647
49.4647
49.4647
49.4647
49.4647
49.4647
49.4647
49.4647
49.4647
49.4647
49.4647
49.4647
49.4647
49.4647
49.4647
49.4647
49.4647
49.4647
49.4647
49.4647
49.4647
49.4647
49.4647
49.4647
49.4647
49.4647
49.4647
49.4647
49.4647
49.4647
49.4647
49.4647
49.4647
49.4647
49.4647
49.4647
49.4647
49.4647
49.4647
49.4647
49.4647
49.4647
49.4647
49.7792
49.7792
49.7792
49.7792
49.7792
49.7792
49.7792
49.7792
49.7792
49.7792
49.7792
49.7792
49.7792
49.7792
49.7792
49.7792
49.7792
49.7792
49.7792
49.7792
49.7792
49.7792
49.7792
49.7792
49.7792
49.7792
49.7792
49.7792
49.7792
49.7792
49.7792
49.7792
49.7792
49.7792
49.7792
49.7792
49.7792
49.7792
49.7792
49.7792
49.7792
49.7792
49.7792
49.7792
49.7792
49.7792
49.7792
49.7792
49.7792
14
789
-14.4792
-14.4792
-14.4792
-14.4792
-14.4792
-14.4792
-14.4792
-14.4792
-14.4792
-14.4792
-14.4792
-14.4792
-14.4792
-14.4792
-14.4792
-14.4792
-14.4792
-14.4792
-14.4792
-14.4792
-14.4792
-14.4792
-14.4792
-14.4792
-14.4792
-14.4792
-14.4792
-14.4792
-14.4792
-14.4792
-14.4792
-14.4792
-14.4792
-14.4792
-14.4792
-14.4792
-14.4792
-14.4792
-14.4665
-14.4665
-14.4665
-14.4665
-14.4665
-14.4665
-14.4665
-14.4665
-14.4665
-14.4665
-14.4665
-14.4665
-14.4665
-14.4665
-14.4665
-14.4665
-14.4665
-14.4665
-14.4665
-14.4665
-14.4665
-14.4665
-14.4665
-14.4665
-14.4665
-14.4665
-14.4665
-14.4665
-14.4665
-14.4665
-14.4665
-14.4665
-14.4665
-14.4665
-14.4665
-14.4665
-14.4665
-14.4665
-14.4665
-14.4665
-14.4665
-14.4665
-14.4665
-14.4665
-14.4992
-14.4992
-14.4992
-14.4992
-14.4992
-14.4992
-14.4992
-14.4992
-14.4992
-14.4992
-14.4992
-14.4992
-14.4992
-14.4992
-14.4992
-14.4992
-14.4992
-14.4992
-14.4992
-14.4992
-14.4992
-14.4992
-14.4992
-14.4992
-14.4992
-14.4992
-14.4992
-11.4977
-11.4977
-11.4977
-11.4977
-11.4977
-11.633
-11.633
-11.633
-11.633
-11.633
-11.633
-11.633
-11.633
-11.633
-11.633
-11.633
-11.633
-13.4825
-13.4825
-13.4825
-13.4825
-13.4825
-13.4825
-13.4825
-13.4825
-13.4825
-13.4825
-13.4825
-13.4825
-13.4825
-13.4825
-13.4825
-13.4825
-13.4825
-13.4825
-13.4825
-13.4825
-13.4825
-13.4825
-13.4825
-13.4825
-13.4825
-13.4825
-13.4825
-13.0368
-13.0368
-13.0368
-13.0368
-13.0368
-13.0368
-13.0368
-13.0368
-13.0368
-13.0368
-13.0368
-13.0368
-13.0368
-13.0368
-13.0368
-13.0368
-13.0368
-13.0368
-13.0368
-13.0368
-13.0368
-13.0368
-13.0368
-13.0368
-13.0368
-13.0368
-13.0368
-13.0368
-13.0368
-13.0368
-13.0368
-13.0368
-13.0368
-13.0368
-13.0368
-13.047
-13.047
-13.047
-13.047
-13.047
-13.047
-13.047
-13.047
-13.047
-13.047
-13.047
-13.047
-13.047
-13.047
-13.047
-13.047
-13.047
-13.047
-13.047
-13.047
-13.047
-13.047
-13.047
-13.047
-13.047
-13.047
-13.047
-13.047
-13.047
-13.047
-13.047
-13.047
-13.047
-13.047
-13.7062
-13.7062
-13.7062
-13.7062
-13.7062
-13.7062
-13.7062
-13.7062
-13.7062
-13.7062
-13.7062
-13.7062
-13.7062
-13.7062
-13.7062
-13.7062
-13.7062
-13.7062
-13.7062
-13.7062
-13.7062
-13.7062
-13.7062
-13.7062
-13.7062
-13.7062
-13.7062
-13.7062
-13.7062
-13.7062
-13.7062
-13.7062
-13.7062
-13.7062
-13.7062
-13.7062
-13.7062
-13.7062
-13.7062
-13.7062
-13.7062
-13.7062
-13.7062
-13.7062
-13.7062
-13.7062
-13.7062
-13.7062
-13.7062
-13.7062
-13.7062
-13.7062
-13.7062
-13.7062
-15.0018
-15.0018
-15.0018
-15.0018
-15.0018
-15.0018
-15.0018
-15.0018
-15.0018
-15.0018
-15.0018
-15.0018
-15.0018
-15.0018
-15.0018
-15.0018
-15.0018
-15.0018
-15.0018
-15.0018
-15.0018
-15.0018
-15.0018
-15.0018
-15.0018
-15.0018
-15.0018
-15.0018
-15.0018
-15.0018
-15.0018
-15.0018
-15.0018
-15.0018
-15.0018
-15.0018
-15.0018
-15.0018
-15.0018
-15.0018
-15.0018
-15.0018
-15.0018
-15.0018
-15.0018
-15.0018
-15.0018
-15.0018
-15.0018
-15.0018
-15.0018
-15.0018
-15.0018
-15.0018
-15.0018
-13.3845
-13.3845
-13.3845
-13.3845
-13.3845
-13.3845
-13.3845
-13.3845
-13.3845
-13.3845
-13.3845
-13.3845
-13.3845
-13.3845
-13.3845
-13.3845
-13.3845
-13.3845
-13.3845
-13.3845
-13.3845
-13.3845
-13.3845
-13.3845
-13.3845
-13.3845
-13.3845
-13.3845
-13.3845
-13.3845
-13.3845
-13.3845
-13.3845
-13.3845
-13.3845
-13.3845
-13.3845
-13.3845
-13.3845
-13.3845
-13.3845
-13.3845
-13.3845
-13.3845
-13.3845
-13.3845
-13.3845
-13.3845
-13.3845
-13.3845
-13.3845
-13.3845
-13.3845
-13.9447
-13.9447
-13.9447
-13.9447
-13.9447
-13.9447
-13.9447
-13.9447
-13.9447
-13.9447
-13.9447
-13.9447
-13.9447
-13.9447
-13.9447
-13.9447
-13.9447
-13.9447
-13.9447
-13.9447
-13.9447
-13.9447
-13.9447
-13.9447
-13.9447
-13.9447
-13.9447
-13.9447
-13.9447
-13.9447
-13.9447
-13.9447
-13.9447
-13.9447
-13.9447
-13.9447
-13.9447
-13.9447
-13.9447
-13.9447
-13.962
-13.962
-13.962
-13.962
-13.962
-13.962
-13.962
-13.962
-13.962
-13.962
-13.962
-13.962
-13.962
-13.962
-13.962
-13.962
-13.962
-13.962
-13.962
-13.962
-13.962
-13.962
-13.962
-13.962
-13.962
-13.962
-13.962
-13.962
-13.962
-13.962
-13.962
-13.962
-13.962
-13.962
-13.962
-13.962
-13.962
-13.962
-13.962
-13.962
-13.962
-13.962
-13.962
-13.962
-13.962
-13.962
-13.962
-13.962
-13.962
-13.962
-13.962
-13.962
-13.962
-13.962
-13.962
-13.962
-14.1833
-14.1833
-14.1833
-14.1833
-14.1833
-14.1833
-14.1833
-14.1833
-14.1833
-14.1833
-14.1833
-14.1833
-14.1833
-14.1833
-14.1833
-14.1833
-14.1833
-14.1833
-14.1833
-14.1833
-14.1833
-14.1833
-14.1833
-14.1833
-14.1833
-14.1833
-14.1833
-14.1833
-14.1833
-14.1833
-14.1833
-14.1833
-14.1833
-14.1833
-14.1833
-14.1833
-14.1833
-14.1833
-14.1833
-14.1833
-14.1833
-14.1833
-14.1833
-14.1833
-14.1833
-14.1833
-14.1833
-14.1833
-14.1833
-14.1833
-14.1833
-14.1833
-14.1833
-14.1833
-14.1833
-14.1833
-14.1833
-14.1833
-14.0643
-14.0643
-14.0643
-14.0643
-14.0643
-14.0643
-14.0643
-14.0643
-14.0643
-14.0643
-14.0643
-14.0643
-14.0643
-14.0643
-14.0643
-14.0643
-14.0643
-14.0643
-14.0643
-14.0643
-14.0643
-14.0643
-14.0643
-14.0643
-14.0643
-14.0643
-14.0643
-14.0643
-14.0643
-14.0643
-14.0643
-14.0643
-14.0643
-14.0643
-14.0643
-14.0643
-14.0643
-14.0643
-14.0643
-14.0643
-14.0643
-14.0643
-14.0643
-14.0643
-14.0643
-14.0643
-14.0643
-14.0643
-14.0643
-14.0643
-14.0643
-14.0643
-14.0643
-14.0643
-14.0643
-14.0643
-16.1493
-16.1493
-16.1493
-16.1493
-16.1493
-16.1493
-16.1493
-16.1493
-16.1493
-16.1493
-16.1493
-16.1493
-16.1493
-16.1493
-16.1493
-16.1493
-16.1493
-16.1493
-16.1493
-16.1493
-16.1493
-16.1493
-16.1493
-16.1493
-16.1493
-16.1493
-16.1493
-16.1493
-16.1493
-16.1493
-16.1493
-16.1493
-16.1493
-16.1493
-16.1493
-16.1493
-16.1493
-16.1493
-16.1493
-16.1493
-16.1493
-16.1493
-16.1493
-16.1493
-16.1493
-16.1493
-16.1493
-16.1493
-16.1493
-16.1493
-16.1493
-16.4845
-16.4845
-16.4845
-16.4845
-16.4845
-16.4845
-16.4845
-16.4845
-16.4845
-16.4845
-16.4845
-16.4845
-16.4845
-16.4845
-16.4845
-16.4845
-16.4845
-16.4845
-16.4845
-16.4845
-16.4845
-16.4845
-16.4845
-16.4845
-16.4845
-16.4845
-16.4845
-16.4845
-16.4845
-16.4845
-16.4845
-16.4845
-16.4845
-16.4845
-16.4845
-16.4845
-16.4845
-16.4845
-16.4845
-16.4845
-16.4845
-16.4845
-16.4845
-16.4845
-16.4845
-16.4845
-16.4845
-15.57
-15.57
-15.57
-15.57
-15.57
-15.57
-15.57
-15.57
-15.57
-15.57
-15.57
-15.57
-15.57
-15.57
-15.57
-15.57
-15.57
-15.57
-15.57
-15.57
-15.57
-15.57
-15.57
-15.57
-15.57
-15.57
-15.57
-15.57
-15.57
-15.57
-15.57
-15.57
-15.57
-15.57
-15.57
-15.57
-15.57
-15.57
-15.57
-15.57
-15.57
-15.57
-15.57
-15.57
-15.57
-15.57
-15.57
-15.57
-13.6275
-13.6275
-13.6275
-13.6275
-13.6275
-13.6275
-13.6275
-13.6275
-13.6275
-13.6275
-13.6275
-13.6275
-13.6275
-13.6275
-13.6275
-13.6275
-13.6275
-13.6275
-13.6275
-13.6275
-13.6275
-13.6275
-13.6275
-13.6275
-13.6275
-13.6275
-13.6275
-13.6275
-13.6275
-13.6275
-13.6275
-13.6275
-13.6275
-13.6275
-13.6275
-13.6275
-13.6275
-13.6275
-13.6275
-13.6275
-13.6275
-13.6275
-13.6275
-13.6275
-13.6275
-13.6275
-13.6275
-13.6275
-13.6275
14
789
-34.106
-34.106
-34.106
-34.106
-34.106
-34.106
-34.106
-34.106
-34.106
-34.106
-34.106
-34.106
-34.106
-34.106
-34.106
-34.106
-34.106
-34.106
-34.106
-34.106
-34.106
-34.106
-34.106
-34.106
-34.106
-34.106
-34.106
-34.106
-34.106
-34.106
-34.106
-34.106
-34.106
-34.106
-34.106
-34.106
-34.106
-34.106
-33.294
-33.294
-33.294
-33.294
-33.294
-33.294
-33.294
-33.294
-33.294
-33.294
-33.294
-33.294
-33.294
-33.294
-33.294
-33.294
-33.294
-33.294
-33.294
-33.294
-33.294
-33.294
-33.294
-33.294
-33.294
-33.294
-33.294
-33.294
-33.294
-33.294
-33.294
-33.294
-33.294
-33.294
-33.294
-33.294
-33.294
-33.294
-33.294
-33.294
-33.294
-33.294
-33.294
-33.294
-35.543
-35.543
-35.543
-35.543
-35.543
-35.543
-35.543
-35.543
-35.543
-35.543
-35.543
-35.543
-35.543
-35.543
-35.543
-35.543
-35.543
-35.543
-35.543
-35.543
-35.543
-35.543
-35.543
-35.543
-35.543
-35.543
-35.543
179.313
179.313
179.313
179.313
179.313
169.599
169.599
169.599
169.599
169.599
169.599
169.599
169.599
169.599
169.599
169.599
169.599
37.488
37.488
37.488
37.488
37.488
37.488
37.488
37.488
37.488
37.488
37.488
37.488
37.488
37.488
37.488
37.488
37.488
37.488
37.488
37.488
37.488
37.488
37.488
37.488
37.488
37.488
37.488
68.996
68.996
68.996
68.996
68.996
68.996
68.996
68.996
68.996
68.996
68.996
68.996
68.996
68.996
68.996
68.996
68.996
68.996
68.996
68.996
68.996
68.996
68.996
68.996
68.996
68.996
68.996
68.996
68.996
68.996
68.996
68.996
68.996
68.996
68.996
68.28
68.28
68.28
68.28
68.28
68.28
68.28
68.28
68.28
68.28
68.28
68.28
68.28
68.28
68.28
68.28
68.28
68.28
68.28
68.28
68.28
68.28
68.28
68.28
68.28
68.28
68.28
68.28
68.28
68.28
68.28
68.28
68.28
68.28
21.216
21.216
21.216
21.216
21.216
21.216
21.216
21.216
21.216
21.216
21.216
21.216
21.216
21.216
21.216
21.216
21.216
21.216
21.216
21.216
21.216
21.216
21.216
21.216
21.216
21.216
21.216
21.216
21.216
21.216
21.216
21.216
21.216
21.216
21.216
21.216
21.216
21.216
21.216
21.216
21.216
21.216
21.216
21.216
21.216
21.216
21.216
21.216
21.216
21.216
21.216
21.216
21.216
21.216
-73.681
-73.681
-73.681
-73.681
-73.681
-73.681
-73.681
-73.681
-73.681
-73.681
-73.681
-73.681
-73.681
-73.681
-73.681
-73.681
-73.681
-73.681
-73.681
-73.681
-73.681
-73.681
-73.681
-73.681
-73.681
-73.681
-73.681
-73.681
-73.681
-73.681
-73.681
-73.681
-73.681
-73.681
-73.681
-73.681
-73.681
-73.681
-73.681
-73.681
-73.681
-73.681
-73.681
-73.681
-73.681
-73.681
-73.681
-73.681
-73.681
-73.681
-73.681
-73.681
-73.681
-73.681
-73.681
43.927
43.927
43.927
43.927
43.927
43.927
43.927
43.927
43.927
43.927
43.927
43.927
43.927
43.927
43.927
43.927
43.927
43.927
43.927
43.927
43.927
43.927
43.927
43.927
43.927
43.927
43.927
43.927
43.927
43.927
43.927
43.927
43.927
43.927
43.927
43.927
43.927
43.927
43.927
43.927
43.927
43.927
43.927
43.927
43.927
43.927
43.927
43.927
43.927
43.927
43.927
43.927
43.927
3.949
3.949
3.949
3.949
3.949
3.949
3.949
3.949
3.949
3.949
3.949
3.949
3.949
3.949
3.949
3.949
3.949
3.949
3.949
3.949
3.949
3.949
3.949
3.949
3.949
3.949
3.949
3.949
3.949
3.949
3.949
3.949
3.949
3.949
3.949
3.949
3.949
3.949
3.949
3.949
2.722
2.722
2.722
2.722
2.722
2.722
2.722
2.722
2.722
2.722
2.722
2.722
2.722
2.722
2.722
2.722
2.722
2.722
2.722
2.722
2.722
2.722
2.722
2.722
2.722
2.722
2.722
2.722
2.722
2.722
2.722
2.722
2.722
2.722
2.722
2.722
2.722
2.722
2.722
2.722
2.722
2.722
2.722
2.722
2.722
2.722
2.722
2.722
2.722
2.722
2.722
2.722
2.722
2.722
2.722
2.722
-13.192
-13.192
-13.192
-13.192
-13.192
-13.192
-13.192
-13.192
-13.192
-13.192
-13.192
-13.192
-13.192
-13.192
-13.192
-13.192
-13.192
-13.192
-13.192
-13.192
-13.192
-13.192
-13.192
-13.192
-13.192
-13.192
-13.192
-13.192
-13.192
-13.192
-13.192
-13.192
-13.192
-13.192
-13.192
-13.192
-13.192
-13.192
-13.192
-13.192
-13.192
-13.192
-13.192
-13.192
-13.192
-13.192
-13.192
-13.192
-13.192
-13.192
-13.192
-13.192
-13.192
-13.192
-13.192
-13.192
-13.192
-13.192
-4.59
-4.59
-4.59
-4.59
-4.59
-4.59
-4.59
-4.59
-4.59
-4.59
-4.59
-4.59
-4.59
-4.59
-4.59
-4.59
-4.59
-4.59
-4.59
-4.59
-4.59
-4.59
-4.59
-4.59
-4.59
-4.59
-4.59
-4.59
-4.59
-4.59
-4.59
-4.59
-4.59
-4.59
-4.59
-4.59
-4.59
-4.59
-4.59
-4.59
-4.59
-4.59
-4.59
-4.59
-4.59
-4.59
-4.59
-4.59
-4.59
-4.59
-4.59
-4.59
-4.59
-4.59
-4.59
-4.59
-156.562
-156.562
-156.562
-156.562
-156.562
-156.562
-156.562
-156.562
-156.562
-156.562
-156.562
-156.562
-156.562
-156.562
-156.562
-156.562
-156.562
-156.562
-156.562
-156.562
-156.562
-156.562
-156.562
-156.562
-156.562
-156.562
-156.562
-156.562
-156.562
-156.562
-156.562
-156.562
-156.562
-156.562
-156.562
-156.562
-156.562
-156.562
-156.562
-156.562
-156.562
-156.562
-156.562
-156.562
-156.562
-156.562
-156.562
-156.562
-156.562
-156.562
-156.562
-181.965
-181.965
-181.965
-181.965
-181.965
-181.965
-181.965
-181.965
-181.965
-181.965
-181.965
-181.965
-181.965
-181.965
-181.965
-181.965
-181.965
-181.965
-181.965
-181.965
-181.965
-181.965
-181.965
-181.965
-181.965
-181.965
-181.965
-181.965
-181.965
-181.965
-181.965
-181.965
-181.965
-181.965
-181.965
-181.965
-181.965
-181.965
-181.965
-181.965
-181.965
-181.965
-181.965
-181.965
-181.965
-181.965
-181.965
-113.383
-113.383
-113.383
-113.383
-113.383
-113.383
-113.383
-113.383
-113.383
-113.383
-113.383
-113.383
-113.383
-113.383
-113.383
-113.383
-113.383
-113.383
-113.383
-113.383
-113.383
-113.383
-113.383
-113.383
-113.383
-113.383
-113.383
-113.383
-113.383
-113.383
-113.383
-113.383
-113.383
-113.383
-113.383
-113.383
-113.383
-113.383
-113.383
-113.383
-113.383
-113.383
-113.383
-113.383
-113.383
-113.383
-113.383
-113.383
26.693
26.693
26.693
26.693
26.693
26.693
26.693
26.693
26.693
26.693
26.693
26.693
26.693
26.693
26.693
26.693
26.693
26.693
26.693
26.693
26.693
26.693
26.693
26.693
26.693
26.693
26.693
26.693
26.693
26.693
26.693
26.693
26.693
26.693
26.693
26.693
26.693
26.693
26.693
26.693
26.693
26.693
26.693
26.693
26.693
26.693
26.693
26.693
26.693
14
789
16.779
16.779
16.779
16.779
16.779
16.779
16.779
16.779
16.779
16.779
16.779
16.779
16.779
16.779
16.779
16.779
16.779
16.779
16.779
16.779
16.779
16.779
16.779
16.779
16.779
16.779
16.779
16.779
16.779
16.779
16.779
16.779
16.779
16.779
16.779
16.779
16.779
16.779
10.112
10.112
10.112
10.112
10.112
10.112
10.112
10.112
10.112
10.112
10.112
10.112
10.112
10.112
10.112
10.112
10.112
10.112
10.112
10.112
10.112
10.112
10.112
10.112
10.112
10.112
10.112
10.112
10.112
10.112
10.112
10.112
10.112
10.112
10.112
10.112
10.112
10.112
10.112
10.112
10.112
10.112
10.112
10.112
14.89
14.89
14.89
14.89
14.89
14.89
14.89
14.89
14.89
14.89
14.89
14.89
14.89
14.89
14.89
14.89
14.89
14.89
14.89
14.89
14.89
14.89
14.89
14.89
14.89
14.89
14.89
-18.224
-18.224
-18.224
-18.224
-18.224
-13.067
-13.067
-13.067
-13.067
-13.067
-13.067
-13.067
-13.067
-13.067
-13.067
-13.067
-13.067
-81.453
-81.453
-81.453
-81.453
-81.453
-81.453
-81.453
-81.453
-81.453
-81.453
-81.453
-81.453
-81.453
-81.453
-81.453
-81.453
-81.453
-81.453
-81.453
-81.453
-81.453
-81.453
-81.453
-81.453
-81.453
-81.453
-81.453
-16.446
-16.446
-16.446
-16.446
-16.446
-16.446
-16.446
-16.446
-16.446
-16.446
-16.446
-16.446
-16.446
-16.446
-16.446
-16.446
-16.446
-16.446
-16.446
-16.446
-16.446
-16.446
-16.446
-16.446
-16.446
-16.446
-16.446
-16.446
-16.446
-16.446
-16.446
-16.446
-16.446
-16.446
-16.446
-16.446
-16.446
-16.446
-16.446
-16.446
-16.446
-16.446
-16.446
-16.446
-16.446
-16.446
-16.446
-16.446
-16.446
-16.446
-16.446
-16.446
-16.446
-16.446
-16.446
-16.446
-16.446
-16.446
-16.446
-16.446
-16.446
-16.446
-16.446
-16.446
-16.446
-16.446
-16.446
-16.446
-16.446
-55.339
-55.339
-55.339
-55.339
-55.339
-55.339
-55.339
-55.339
-55.339
-55.339
-55.339
-55.339
-55.339
-55.339
-55.339
-55.339
-55.339
-55.339
-55.339
-55.339
-55.339
-55.339
-55.339
-55.339
-55.339
-55.339
-55.339
-55.339
-55.339
-55.339
-55.339
-55.339
-55.339
-55.339
-55.339
-55.339
-55.339
-55.339
-55.339
-55.339
-55.339
-55.339
-55.339
-55.339
-55.339
-55.339
-55.339
-55.339
-55.339
-55.339
-55.339
-55.339
-55.339
-55.339
-159.238
-159.238
-159.238
-159.238
-159.238
-159.238
-159.238
-159.238
-159.238
-159.238
-159.238
-159.238
-159.238
-159.238
-159.238
-159.238
-159.238
-159.238
-159.238
-159.238
-159.238
-159.238
-159.238
-159.238
-159.238
-159.238
-159.238
-159.238
-159.238
-159.238
-159.238
-159.238
-159.238
-159.238
-159.238
-159.238
-159.238
-159.238
-159.238
-159.238
-159.238
-159.238
-159.238
-159.238
-159.238
-159.238
-159.238
-159.238
-159.238
-159.238
-159.238
-159.238
-159.238
-159.238
-159.238
0.111
0.111
0.111
0.111
0.111
0.111
0.111
0.111
0.111
0.111
0.111
0.111
0.111
0.111
0.111
0.111
0.111
0.111
0.111
0.111
0.111
0.111
0.111
0.111
0.111
0.111
0.111
0.111
0.111
0.111
0.111
0.111
0.111
0.111
0.111
0.111
0.111
0.111
0.111
0.111
0.111
0.111
0.111
0.111
0.111
0.111
0.111
0.111
0.111
0.111
0.111
0.111
0.111
-27.669
-27.669
-27.669
-27.669
-27.669
-27.669
-27.669
-27.669
-27.669
-27.669
-27.669
-27.669
-27.669
-27.669
-27.669
-27.669
-27.669
-27.669
-27.669
-27.669
-27.669
-27.669
-27.669
-27.669
-27.669
-27.669
-27.669
-27.669
-27.669
-27.669
-27.669
-27.669
-27.669
-27.669
-27.669
-27.669
-27.669
-27.669
-27.669
-27.669
-15.89
-15.89
-15.89
-15.89
-15.89
-15.89
-15.89
-15.89
-15.89
-15.89
-15.89
-15.89
-15.89
-15.89
-15.89
-15.89
-15.89
-15.89
-15.89
-15.89
-15.89
-15.89
-15.89
-15.89
-15.89
-15.89
-15.89
-15.89
-15.89
-15.89
-15.89
-15.89
-15.89
-15.89
-15.89
-15.89
-15.89
-15.89
-15.89
-15.89
-15.89
-15.89
-15.89
-15.89
-15.89
-15.89
-15.89
-15.89
-15.89
-15.89
-15.89
-15.89
-15.89
-15.89
-15.89
-15.89
-49.449
-49.449
-49.449
-49.449
-49.449
-49.449
-49.449
-49.449
-49.449
-49.449
-49.449
-49.449
-49.449
-49.449
-49.449
-49.449
-49.449
-49.449
-49.449
-49.449
-49.449
-49.449
-49.449
-49.449
-49.449
-49.449
-49.449
-49.449
-49.449
-49.449
-49.449
-49.449
-49.449
-49.449
-49.449
-49.449
-49.449
-49.449
-49.449
-49.449
-49.449
-49.449
-49.449
-49.449
-49.449
-49.449
-49.449
-49.449
-49.449
-49.449
-49.449
-49.449
-49.449
-49.449
-49.449
-49.449
-49.449
-49.449
-21.447
-21.447
-21.447
-21.447
-21.447
-21.447
-21.447
-21.447
-21.447
-21.447
-21.447
-21.447
-21.447
-21.447
-21.447
-21.447
-21.447
-21.447
-21.447
-21.447
-21.447
-21.447
-21.447
-21.447
-21.447
-21.447
-21.447
-21.447
-21.447
-21.447
-21.447
-21.447
-21.447
-21.447
-21.447
-21.447
-21.447
-21.447
-21.447
-21.447
-21.447
-21.447
-21.447
-21.447
-21.447
-21.447
-21.447
-21.447
-21.447
-21.447
-21.447
-21.447
-21.447
-21.447
-21.447
-21.447
-107.566
-107.566
-107.566
-107.566
-107.566
-107.566
-107.566
-107.566
-107.566
-107.566
-107.566
-107.566
-107.566
-107.566
-107.566
-107.566
-107.566
-107.566
-107.566
-107.566
-107.566
-107.566
-107.566
-107.566
-107.566
-107.566
-107.566
-107.566
-107.566
-107.566
-107.566
-107.566
-107.566
-107.566
-107.566
-107.566
-107.566
-107.566
-107.566
-107.566
-107.566
-107.566
-107.566
-107.566
-107.566
-107.566
-107.566
-107.566
-107.566
-107.566
-107.566
-135.902
-135.902
-135.902
-135.902
-135.902
-135.902
-135.902
-135.902
-135.902
-135.902
-135.902
-135.902
-135.902
-135.902
-135.902
-135.902
-135.902
-135.902
-135.902
-135.902
-135.902
-135.902
-135.902
-135.902
-135.902
-135.902
-135.902
-135.902
-135.902
-135.902
-135.902
-135.902
-135.902
-135.902
-135.902
-135.902
-135.902
-135.902
-135.902
-135.902
-135.902
-135.902
-135.902
-135.902
-135.902
-135.902
-135.902
-59.45
-59.45
-59.45
-59.45
-59.45
-59.45
-59.45
-59.45
-59.45
-59.45
-59.45
-59.45
-59.45
-59.45
-59.45
-59.45
-59.45
-59.45
-59.45
-59.45
-59.45
-59.45
-59.45
-59.45
-59.45
-59.45
-59.45
-59.45
-59.45
-59.45
-59.45
-59.45
-59.45
-59.45
-59.45
-59.45
-59.45
-59.45
-59.45
-59.45
-59.45
-59.45
-59.45
-59.45
-59.45
-59.45
-59.45
-59.45
-24.558
-24.558
-24.558
-24.558
-24.558
-24.558
-24.558
-24.558
-24.558
-24.558
-24.558
-24.558
-24.558
-24.558
-24.558
-24.558
-24.558
-24.558
-24.558
-24.558
-24.558
-24.558
-24.558
-24.558
-24.558
-24.558
-24.558
-24.558
-24.558
-24.558
-24.558
-24.558
-24.558
-24.558
-24.558
-24.558
-24.558
-24.558
-24.558
-24.558
-24.558
-24.558
-24.558
-24.558
-24.558
-24.558
-24.558
-24.558
-24.558
13
789
4
4
4
4
4
4
4
4
4
4
4
4
4
4
4
4
4
4
4
4
4
4
4
4
4
4
4
4
4
4
4
4
4
4
4
4
4
4
4
4
4
4
4
4
4
4
4
4
4
4
4
4
4
4
4
4
4
4
4
4
4
4
4
4
4
4
4
4
4
4
4
4
4
4
4
4
4
4
4
4
4
4
4
4
4
4
4
4
4
4
4
4
4
4
4
4
4
4
4
4
4
4
4
4
4
4
4
4
4
4
4
4
4
4
4
4
4
4
4
4
4
4
4
4
4
4
8
8
8
8
8
8
8
8
8
8
8
8
8
8
8
8
8
8
8
8
8
8
8
8
8
8
8
8
8
8
8
8
8
8
8
8
8
8
8
8
8
8
8
8
8
8
8
8
8
8
8
8
8
8
8
8
8
8
8
8
8
8
8
8
8
8
8
8
8
8
8
8
8
8
8
8
8
8
8
8
8
8
8
8
8
8
8
8
8
8
8
8
8
8
8
8
8
8
8
8
8
8
8
8
8
8
8
8
8
8
8
8
8
8
8
8
8
8
8
8
8
8
8
8
8
8
8
8
8
8
8
8
8
8
8
8
8
8
8
8
8
8
8
8
8
8
8
8
8
8
8
8
8
8
8
8
8
8
8
8
8
8
8
8
8
8
8
8
8
8
8
8
8
8
8
8
8
8
8
8
8
8
8
8
8
8
8
8
8
8
8
8
8
8
8
8
8
8
8
8
8
8
8
8
8
8
8
8
8
8
8
8
8
8
8
8
8
8
8
8
8
8
8
8
8
8
8
8
8
8
8
8
8
8
8
8
8
8
8
8
8
8
8
8
8
8
8
8
8
8
8
8
8
8
8
8
8
8
3
3
3
3
3
3
3
3
3
3
3
3
3
3
3
3
3
3
3
3
3
3
3
3
3
3
3
3
3
3
3
3
3
3
3
3
3
3
3
3
3
3
3
3
3
3
3
3
3
3
3
3
3
3
3
3
3
3
3
3
3
3
3
3
3
3
3
3
3
3
3
3
3
3
3
3
3
3
3
3
3
3
3
3
3
3
3
3
3
3
3
3
3
3
3
3
3
3
3
3
3
3
3
3
3
3
3
3
3
3
3
3
3
3
3
3
3
3
3
3
3
3
3
3
3
3
3
3
3
3
3
3
3
3
3
3
3
3
3
3
3
3
3
3
3
3
3
3
3
3
3
3
3
3
3
3
3
3
3
3
3
3
3
3
3
3
3
3
3
3
3
3
3
3
3
3
3
3
3
3
3
3
3
3
3
3
3
3
3
3
3
3
3
3
3
3
3
3
3
3
3
3
3
3
3
3
3
3
3
3
10
10
10
10
10
10
10
10
10
10
10
10
10
10
10
10
10
10
10
10
10
10
10
10
10
10
10
10
10
10
10
10
10
10
10
10
10
10
10
10
10
10
10
10
10
10
10
10
10
10
10
10
10
10
10
10
10
10
10
10
10
10
10
10
10
10
10
10
10
10
10
10
10
10
10
10
10
10
10
10
10
10
10
10
10
10
10
10
10
10
10
10
10
10
10
10
10
10
10
10
10
10
10
10
10
10
10
10
10
10
10
10
10
10
10
10
10
10
10
10
10
10
10
10
10
10
10
10
10
10
10
10
10
10
10
10
10
10
10
10
10
10
10
10
10
10
10
10
10
10
10
10
10
10
10
10
10
10
10
10
10
10
10
10
10
10
10
10
10
10
10
10
10
10
10
10
10
10
10
10
10
10
10
10
10
10
10
10
10
10
10
10
10
10
10
13
789
2001
2001
2001
2001
2001
2001
2001
2001
2001
2001
2001
2001
2001
2001
2001
2001
2001
2001
2001
2001
2001
2001
2001
2001
2001
2001
2001
2001
2001
2001
2001
2001
2001
2001
2001
2001
2001
2001
2001
2001
2001
2001
2001
2001
2001
2001
2001
2001
2001
2001
2001
2001
2001
2001
2001
2001
2001
2001
2001
2001
2001
2001
2001
2001
2001
2001
2001
2001
2001
2001
2001
2001
2001
2001
2001
2001
2001
2001
2001
2001
2001
2001
2001
2001
2001
2001
2001
2001
2001
2001
2001
2001
2001
2001
2001
2001
2001
2001
2001
2001
2001
2001
2001
2001
2001
2001
2001
2001
2001
2001
2001
2001
2001
2001
2001
2001
2001
2001
2001
2001
2001
2001
2001
2001
2001
2001
2001
2001
2001
2001
2001
2001
2001
2001
2001
2001
2001
2001
2001
2001
2001
2001
2001
2001
2001
2001
2001
2001
2001
2001
2001
2001
2001
2001
2001
2001
2001
2001
2001
2001
2001
2001
2001
2001
2001
2001
2001
2001
2001
2001
2001
2001
2001
2001
2001
2001
2001
2001
2001
2001
2001
2001
2001
2001
2001
2001
2001
2001
2001
2001
2001
2001
2001
2001
2001
2001
2001
2001
2001
2001
2001
2001
2001
2001
2001
2001
2001
2001
2001
2001
2001
2001
2001
2001
2001
2001
2001
2001
2001
2001
2001
2001
2001
2001
2001
2001
2001
2001
2001
2001
2001
2001
2001
2001
2001
2001
2001
2001
2001
2001
2001
2001
2001
2001
2001
2001
2001
2001
2001
2001
2001
2001
2001
2001
2001
2001
2001
2001
2001
2001
2001
2001
2001
2001
2001
2001
2001
2001
2001
2001
2001
2001
2001
2001
2001
2001
2001
2001
2001
2001
2001
2001
2001
2001
2001
2001
2001
2001
2001
2001
2001
2001
2001
2001
2001
2001
2001
2001
2001
2001
2001
2001
2001
2001
2001
2001
2001
2001
2001
2001
2001
2001
2001
2001
2001
2001
2001
2001
2001
2001
2001
2001
2001
2001
2001
2001
2001
2001
2001
2001
2001
2001
2001
2001
2001
2001
2001
2001
2001
2001
2001
2001
2001
2001
2001
2001
2001
2001
2001
2001
2001
2001
2001
2001
2001
2001
2001
2001
2001
2001
2001
2001
2001
2001
2001
2001
2001
2001
2001
2001
2001
2001
2001
2001
2001
2001
2001
2001
2001
2001
2001
2001
2001
2001
2002
2002
2002
2002
2002
2002
2002
2002
2002
2002
2002
2002
2002
2002
2002
2002
2002
2002
2002
2002
2002
2002
2002
2002
2002
2002
2002
2002
2002
2002
2002
2002
2002
2002
2002
2002
2002
2002
2002
2002
2002
2002
2002
2002
2002
2002
2002
2002
2002
2002
2002
2002
2002
2002
2002
2002
2002
2002
2002
2002
2002
2002
2002
2002
2002
2002
2002
2002
2002
2002
2002
2002
2002
2002
2002
2002
2002
2002
2002
2002
2002
2002
2002
2002
2002
2002
2002
2002
2002
2002
2002
2002
2002
2002
2002
2002
2002
2002
2002
2002
2002
2002
2002
2002
2002
2002
2002
2002
2002
2002
2002
2002
2002
2002
2002
2002
2002
2002
2002
2002
2002
2002
2002
2002
2002
2002
2002
2002
2002
2002
2002
2002
2002
2002
2002
2002
2002
2002
2002
2002
2002
2002
2002
2002
2002
2002
2002
2002
2002
2002
2002
2002
2002
2002
2002
2002
2002
2002
2002
2002
2002
2002
2002
2002
2002
2002
2002
2002
2002
2002
2002
2002
2002
2002
2002
2002
2002
2002
2002
2002
2002
2002
2002
2002
2002
2002
2002
2002
2002
2002
2002
2002
2002
2002
2002
2002
2002
2002
2002
2002
2002
2002
2002
2002
2002
2002
2002
2002
2002
2002
2002
2002
2002
2002
2002
2002
2002
2002
2002
2002
2002
2002
2002
2002
2002
2002
2002
2002
2002
2002
2002
2002
2002
2002
2002
2002
2002
2002
2002
2002
2002
2002
2002
2002
2002
2002
2002
2002
2002
2002
2002
2002
2002
2002
2002
2002
2002
2002
2002
2002
2002
2002
2002
2002
2002
2002
2002
2002
2002
2002
2002
2002
2002
2002
2002
2002
2002
2002
2002
2002
2002
2002
2002
2002
2002
2002
2002
2002
2002
2002
2002
2002
2002
2002
2002
2002
2002
2002
2002
2002
2002
2002
2002
2002
2002
2002
2002
2002
2002
2002
2002
2002
2002
2002
2002
2002
2002
2002
2002
2002
2002
2002
2002
2002
2002
2002
2002
2002
2002
2002
2002
2002
2002
2002
2002
2002
2002
2002
2002
2002
2002
2002
2002
2002
2002
2002
2002
2002
2002
2002
2002
2002
2002
2002
2002
2002
2002
2002
2002
2002
2002
2002
2002
2002
2002
2002
2002
2002
2002
2002
2002
2002
2002
2002
2002
2002
2002
2002
2002
2002
2002
2002
2002
2002
2002
2002
2002
2002
2002
2002
2002
2002
2002
2002
2002
2002
2002
2002
2002
2002
2002
2002
2002
2002
2002
13
789
3939
3939
3939
3939
3939
3939
3939
3939
3939
3939
3939
3939
3939
3939
3939
3939
3939
3939
3939
3939
3939
3939
3939
3939
3939
3939
3939
3939
3939
3939
3939
3939
3939
3939
3939
3939
3939
3939
3981
3981
3981
3981
3981
3981
3981
3981
3981
3981
3981
3981
3981
3981
3981
3981
3981
3981
3981
3981
3981
3981
3981
3981
3981
3981
3981
3981
3981
3981
3981
3981
3981
3981
3981
3981
3981
3981
3981
3981
3981
3981
3981
3981
3977
3977
3977
3977
3977
3977
3977
3977
3977
3977
3977
3977
3977
3977
3977
3977
3977
3977
3977
3977
3977
3977
3977
3977
3977
3977
3977
740
740
740
740
740
1035
1035
1035
1035
1035
1035
1035
1035
1035
1035
1035
1035
4020
4020
4020
4020
4020
4020
4020
4020
4020
4020
4020
4020
4020
4020
4020
4020
4020
4020
4020
4020
4020
4020
4020
4020
4020
4020
4020
2487
2487
2487
2487
2487
2487
2487
2487
2487
2487
2487
2487
2487
2487
2487
2487
2487
2487
2487
2487
2487
2487
2487
2487
2487
2487
2487
2487
2487
2487
2487
2487
2487
2487
2487
2497
2497
2497
2497
2497
2497
2497
2497
2497
2497
2497
2497
2497
2497
2497
2497
2497
2497
2497
2497
2497
2497
2497
2497
2497
2497
2497
2497
2497
2497
2497
2497
2497
2497
4000
4000
4000
4000
4000
4000
4000
4000
4000
4000
4000
4000
4000
4000
4000
4000
4000
4000
4000
4000
4000
4000
4000
4000
4000
4000
4000
4000
4000
4000
4000
4000
4000
4000
4000
4000
4000
4000
4000
4000
4000
4000
4000
4000
4000
4000
4000
4000
4000
4000
4000
4000
4000
4000
4784
4784
4784
4784
4784
4784
4784
4784
4784
4784
4784
4784
4784
4784
4784
4784
4784
4784
4784
4784
4784
4784
4784
4784
4784
4784
4784
4784
4784
4784
4784
4784
4784
4784
4784
4784
4784
4784
4784
4784
4784
4784
4784
4784
4784
4784
4784
4784
4784
4784
4784
4784
4784
4784
4784
2809
2809
2809
2809
2809
2809
2809
2809
2809
2809
2809
2809
2809
2809
2809
2809
2809
2809
2809
2809
2809
2809
2809
2809
2809
2809
2809
2809
2809
2809
2809
2809
2809
2809
2809
2809
2809
2809
2809
2809
2809
2809
2809
2809
2809
2809
2809
2809
2809
2809
2809
2809
2809
4018
4018
4018
4018
4018
4018
4018
4018
4018
4018
4018
4018
4018
4018
4018
4018
4018
4018
4018
4018
4018
4018
4018
4018
4018
4018
4018
4018
4018
4018
4018
4018
4018
4018
4018
4018
4018
4018
4018
4018
3901
3901
3901
3901
3901
3901
3901
3901
3901
3901
3901
3901
3901
3901
3901
3901
3901
3901
3901
3901
3901
3901
3901
3901
3901
3901
3901
3901
3901
3901
3901
3901
3901
3901
3901
3901
3901
3901
3901
3901
3901
3901
3901
3901
3901
3901
3901
3901
3901
3901
3901
3901
3901
3901
3901
3901
4271
4271
4271
4271
4271
4271
4271
4271
4271
4271
4271
4271
4271
4271
4271
4271
4271
4271
4271
4271
4271
4271
4271
4271
4271
4271
4271
4271
4271
4271
4271
4271
4271
4271
4271
4271
4271
4271
4271
4271
4271
4271
4271
4271
4271
4271
4271
4271
4271
4271
4271
4271
4271
4271
4271
4271
4271
4271
3993
3993
3993
3993
3993
3993
3993
3993
3993
3993
3993
3993
3993
3993
3993
3993
3993
3993
3993
3993
3993
3993
3993
3993
3993
3993
3993
3993
3993
3993
3993
3993
3993
3993
3993
3993
3993
3993
3993
3993
3993
3993
3993
3993
3993
3993
3993
3993
3993
3993
3993
3993
3993
3993
3993
3993
4810
4810
4810
4810
4810
4810
4810
4810
4810
4810
4810
4810
4810
4810
4810
4810
4810
4810
4810
4810
4810
4810
4810
4810
4810
4810
4810
4810
4810
4810
4810
4810
4810
4810
4810
4810
4810
4810
4810
4810
4810
4810
4810
4810
4810
4810
4810
4810
4810
4810
4810
4808
4808
4808
4808
4808
4808
4808
4808
4808
4808
4808
4808
4808
4808
4808
4808
4808
4808
4808
4808
4808
4808
4808
4808
4808
4808
4808
4808
4808
4808
4808
4808
4808
4808
4808
4808
4808
4808
4808
4808
4808
4808
4808
4808
4808
4808
4808
4728
4728
4728
4728
4728
4728
4728
4728
4728
4728
4728
4728
4728
4728
4728
4728
4728
4728
4728
4728
4728
4728
4728
4728
4728
4728
4728
4728
4728
4728
4728
4728
4728
4728
4728
4728
4728
4728
4728
4728
4728
4728
4728
4728
4728
4728
4728
4728
2927
2927
2927
2927
2927
2927
2927
2927
2927
2927
2927
2927
2927
2927
2927
2927
2927
2927
2927
2927
2927
2927
2927
2927
2927
2927
2927
2927
2927
2927
2927
2927
2927
2927
2927
2927
2927
2927
2927
2927
2927
2927
2927
2927
2927
2927
2927
2927
2927
13
789
1
1
1
1
1
1
1
1
1
1
1
1
1
1
1
1
1
1
1
1
1
1
1
1
1
1
1
1
1
1
1
1
1
1
1
1
1
1
1
1
1
1
1
1
1
1
1
1
1
1
1
1
1
1
1
1
1
1
1
1
1
1
1
1
1
1
1
1
1
1
1
1
1
1
1
1
1
1
1
1
1
1
1
1
1
1
1
1
1
1
1
1
1
1
1
1
1
1
1
1
1
1
1
1
1
1
1
1
1
1
1
1
1
1
1
1
1
1
1
1
1
1
1
1
1
1
2
2
2
2
2
2
2
2
2
2
2
2
2
2
2
2
2
2
2
2
2
2
2
2
2
2
2
2
2
2
2
2
2
2
2
2
2
2
2
2
2
2
2
2
2
2
2
2
2
2
2
2
2
2
2
2
2
2
2
2
2
2
2
2
2
2
2
2
2
2
2
2
2
2
2
2
2
2
2
2
2
2
2
2
2
2
2
2
2
2
2
2
2
2
2
2
2
2
2
2
2
2
2
2
2
2
2
2
2
2
2
2
2
2
2
2
2
2
2
2
2
2
2
2
2
2
2
2
2
2
2
2
2
2
2
2
2
2
2
2
2
2
2
2
2
2
2
2
2
2
2
2
2
2
2
2
2
2
2
2
2
2
2
2
2
2
2
2
2
2
2
2
2
2
2
2
2
2
2
2
2
2
2
2
2
2
2
2
2
2
2
2
2
2
2
2
2
2
2
2
2
2
2
2
2
2
2
2
2
2
2
2
2
2
2
2
2
2
2
2
2
2
2
2
2
2
2
2
2
2
2
2
2
2
2
2
2
2
2
2
2
2
2
2
2
2
2
2
2
2
2
2
2
2
2
2
2
2
1
1
1
1
1
1
1
1
1
1
1
1
1
1
1
1
1
1
1
1
1
1
1
1
1
1
1
1
1
1
1
1
1
1
1
1
1
1
1
1
1
1
1
1
1
1
1
1
1
1
1
1
1
1
1
1
1
1
1
1
1
1
1
1
1
1
1
1
1
1
1
1
1
1
1
1
1
1
1
1
1
1
1
1
1
1
1
1
1
1
1
1
1
1
1
1
1
1
1
1
1
1
1
1
1
1
1
1
1
1
1
1
1
1
1
1
1
1
1
1
1
1
1
1
1
1
1
1
1
1
1
1
1
1
1
1
1
1
1
1
1
1
1
1
1
1
1
1
1
1
1
1
1
1
1
1
1
1
1
1
1
1
1
1
1
1
1
1
1
1
1
1
1
1
1
1
1
1
1
1
1
1
1
1
1
1
1
1
1
1
1
1
1
1
1
1
1
1
1
1
1
1
1
1
1
1
1
1
1
1
2
2
2
2
2
2
2
2
2
2
2
2
2
2
2
2
2
2
2
2
2
2
2
2
2
2
2
2
2
2
2
2
2
2
2
2
2
2
2
2
2
2
2
2
2
2
2
2
2
2
2
2
2
2
2
2
2
2
2
2
2
2
2
2
2
2
2
2
2
2
2
2
2
2
2
2
2
2
2
2
2
2
2
2
2
2
2
2
2
2
2
2
2
2
2
2
2
2
2
2
2
2
2
2
2
2
2
2
2
2
2
2
2
2
2
2
2
2
2
2
2
2
2
2
2
2
2
2
2
2
2
2
2
2
2
2
2
2
2
2
2
2
2
2
2
2
2
2
2
2
2
2
2
2
2
2
2
2
2
2
2
2
2
2
2
2
2
2
2
2
2
2
2
2
2
2
2
2
2
2
2
2
2
2
2
2
2
2
2
2
2
2
2
2
2
13
789
252
252
252
252
252
252
252
252
252
252
252
252
252
252
252
252
252
252
252
252
252
252
252
252
252
252
252
252
252
252
252
252
252
252
252
252
252
252
252
252
252
252
252
252
252
252
252
252
252
252
252
252
252
252
252
252
252
252
252
252
252
252
252
252
252
252
252
252
252
252
252
252
252
252
252
252
252
252
252
252
252
252
252
252
252
252
252
252
252
252
252
252
252
252
252
252
252
252
252
252
252
252
252
252
252
252
252
252
252
252
252
252
252
252
252
252
252
252
252
252
252
252
252
252
252
252
255
255
255
255
255
255
255
255
255
255
255
255
255
255
255
255
255
255
255
255
255
255
255
255
255
255
255
255
255
255
255
255
255
255
255
255
255
255
255
255
255
255
255
255
255
255
255
255
255
255
255
255
255
255
255
255
255
255
255
255
255
255
255
255
255
255
255
255
255
255
255
255
255
255
255
255
255
255
255
255
255
255
255
255
255
255
255
255
255
255
255
255
255
255
255
255
255
255
255
255
255
255
255
255
255
255
255
255
255
255
255
255
255
255
255
255
255
255
255
255
255
255
255
255
255
255
255
255
255
255
255
255
255
255
255
255
255
255
255
255
255
255
255
255
255
255
255
255
255
255
255
255
255
255
255
255
255
255
255
255
255
255
255
255
255
255
255
255
255
255
255
255
255
255
255
255
255
255
255
255
255
255
255
255
255
255
255
255
255
255
255
255
255
255
255
255
255
255
255
255
255
255
255
255
255
255
255
255
255
255
255
255
255
255
255
255
255
255
255
255
255
255
255
255
255
255
255
255
255
255
255
255
255
255
255
255
255
255
255
255
255
255
255
255
255
255
255
255
255
255
255
255
255
255
255
255
255
255
260
260
260
260
260
260
260
260
260
260
260
260
260
260
260
260
260
260
260
260
260
260
260
260
260
260
260
260
260
260
260
260
260
260
260
260
260
260
260
260
260
260
260
260
260
260
260
260
260
260
260
260
260
260
260
260
260
260
260
260
260
260
260
260
260
260
260
260
260
260
260
260
260
260
260
260
260
260
260
260
260
260
260
260
260
260
260
260
260
260
260
260
260
260
260
260
260
260
260
260
260
260
260
260
260
260
260
260
260
260
260
260
260
260
260
260
260
260
260
260
260
260
260
260
260
260
260
260
260
260
260
260
260
260
260
260
260
260
260
260
260
260
260
260
260
260
260
260
260
260
260
260
260
260
260
260
260
260
260
260
260
260
260
260
260
260
260
260
260
260
260
260
260
260
260
260
260
260
260
260
260
260
260
260
260
260
260
260
260
260
260
260
260
260
260
260
260
260
260
260
260
260
260
260
260
260
260
260
260
260
266
266
266
266
266
266
266
266
266
266
266
266
266
266
266
266
266
266
266
266
266
266
266
266
266
266
266
266
266
266
266
266
266
266
266
266
266
266
266
266
266
266
266
266
266
266
266
266
266
266
266
266
266
266
266
266
266
266
266
266
266
266
266
266
266
266
266
266
266
266
266
266
266
266
266
266
266
266
266
266
266
266
266
266
266
266
266
266
266
266
266
266
266
266
266
266
266
266
266
266
266
266
266
266
266
266
266
266
266
266
266
266
266
266
266
266
266
266
266
266
266
266
266
266
266
266
266
266
266
266
266
266
266
266
266
266
266
266
266
266
266
266
266
266
266
266
266
266
266
266
266
266
266
266
266
266
266
266
266
266
266
266
266
266
266
266
266
266
266
266
266
266
266
266
266
266
266
266
266
266
266
266
266
266
266
266
266
266
266
266
266
266
266
266
266
14
789
3422
3357
3392
3325
2871
2934
2903
2839
2449
2419
2389
2352
1967
1936
1905
1871
1495
1435
1462
1403
217
493
309
279
0
525
434
405
27
371
339
242
86
59
465
150
181
121
3480
3054
3116
3083
3026
2662
2601
2569
2629
2182
2214
2153
1681
2124
1738
1769
1714
648
704
587
619
817
794
732
440
558
358
124
93
533
501
472
323
265
238
210
65
762
678
416
295
183
149
386
3461
3427
3386
2924
2957
2887
2852
2422
2389
2351
2315
1846
1808
1775
1880
1352
1321
1251
12
227
187
50
1285
87
121
261
153
181
106
218
144
70
509
474
402
439
364
327
293
262
224
190
153
116
2715
2665
2763
2812
2270
3302
3202
2224
3252
3352
2173
2121
1634
1731
1685
1585
1192
1145
1045
1093
605
504
653
557
123
25
74
1130.79
1209.26
1013.09
1287.72
1248.49
1170.02
973.85
895.38
856.15
1405.43
934.62
1837
1523.13
1797.77
1483.89
1444.66
1758.53
1562.36
1719.3
1680.06
738.45
620.74
581.51
385.34
463.81
424.57
699.21
659.98
346.11
306.87
149.94
189.17
110.7
32.23
71.47
1080.46
1329.82
1044.82
1221.47
975.55
1364.59
1293.98
1010.11
838.74
1257.68
805.34
1815.03
1574.92
737.2
600.97
1539.85
1781.86
566.8200000000001
770.83
1747.56
1609.55
1504.79
532.35
1849.63
499.16
363.81
330.94
297.09
263
59.02
229.92
-7.85
26.02
93.26000000000001
2700.13
2630.79
2873.35
2665.3
2804.59
2769.45
2497.26
2838.65
2597.57
2564.77
2530.98
2944.15
2908.59
2363.97
2464.24
2979.63
2430.69
3014.83
3049.44
2330.99
2297.86
2195.55
2229.46
2263.29
2128.1
2026.16
2161.57
2094.65
1958.7
1992.73
1859.87
1925.83
1892.68
1792.94
1760.18
1826.53
1692.02
1556.5
1590.71
1624.76
1523.6
1490.22
1658.63
1423.31
1355.72
1456.76
1252.83
1218.64
1185.43
1151.22
1321.66
1287.47
1084.17
1118.04
2156.17
2122.82
2189.69
1787.97
1655.04
2089.16
1887.96
1688.28
1353.34
1319.56
1988.89
1721.57
1621.27
1588
1554.75
1487.77
1051.03
580.28
2055.45
1754.61
1252.64
1955.16
1921.31
1821.07
1286.09
1151.4
1118.37
1386.93
1218.81
1017.53
950.38
883.08
782.23
681.23
478.12
2022.07
1420.62
1084.65
916.99
815.58
647.52
546.34
1454.1
748.3200000000001
613.79
342.58
308.68
983.91
714.77
444.2
410.31
376.5
274.9
240.87
206.65
1233.76
1203.72
1389.69
1358.21
1326.49
1173.11
1295.09
1487.16
1112.73
1422.1
1081.82
1050.7
1019.23
1454.97
1519.77
1142.66
988.12
925.04
1552.14
1616.82
893.39
1714.24
1779.07
1878.99
1681.5
1649.32
1746.58
476.36
1812.44
862.21
798.74
734.64
830.75
573.74
1845.66
443.69
282.41
508.42
378.95
411.63
540.9
702.27
767.12
606.34
346.24
250.9
669.95
187.46
155.92
92.61
61.15
218.78
124.39
3326
3182
3217
3253
3290
2891
2927
2852
2817
2779
2523
2486
1711
2450
2414
2153
1599
1636
1967
1672
2116
2079
1563
1157
1303
1229
1265
1193
900
2041
2005
828
864
497
793
753
460
422
389
350
3358
3321
3396
3284
3210
3245
3135
3171
3099
3061
2878
2988
2694
2805
2546
2731
2619
2841
2767
2659
3024
2584
2950
2509
2171
2470
1543
2022
2431
1835
1505
1581
2096
1948
1688
2133
1398
1363
1323
2057
1251
1910
1761
1726
1214
1433
1983
1872
1651
1179
1143
1470
1288
1799
1107
1068
3637
3672
3562
3600
3490
3527
3381
3417
3088
3198
3344
3453
3161
3052
3272
2979
3308
2941
3236
3012
2904
2869
2831
1819
2724
2796
2687
2760
1711
2107
1784
1747
2650
2360
1891
2394
2070
1927
2252
1996
2288
2215
1676
1531
2035
1964
1603
1494
2324
2178
2143
1565
1640
1388
1352
1459
1422
1314
3401.76
3438.03
3474.3
3365.49
3329.22
3292.95
3220.41
3184.14
3256.68
3002.79
3075.33
3147.87
3039.06
2966.52
3111.6
2893.98
2676.36
2857.71
2821.44
2748.9
2785.17
2712.63
2603.82
2640.09
2495.01
2531.28
2567.55
2458.74
2204.85
2096.04
2132.31
2023.5
1588.26
1515.72
2059.77
1987.23
2168.58
1624.53
1733.34
1225.56
1298.1
1406.91
1261.83
1914.69
1551.99
1479.45
1370.64
1842.15
1334.37
1950.96
1697.07
1443.18
1878.42
1769.61
1805.88
1189.29
4212
4179
4110
4144
3493
3458
3393
3424
3872
3801
3836
3158
3767
3091
3124
2762
3059
2730
2795
2432
2696
2465
2099
2398
2365
2066
2031
1766
1369
1337
1068
1034
1670
1404
2000
1736
1000
969
701
636
669
604
44
13
-56
1702
1301
373
341
308
-21
4084
3950
4119
4153
3985
3623
4050
3884
3556
3721
3592
4252
3917
3656
3852
3754
3157
3689
4018
4185
3821
3124
3786
3090
3025
4220
3059
2465
2433
2400
2336
2367
1748
964
1715
997
1648
384
931
1683
1616
320
1062
1030
257
353
287
4148
4212
4179
4019
4116
3504
4050
4082
3987
3539
3603
3861
3111
3079
3698
3044
3956
3636
3570
3924
3830
3894
2980
3765
3010
3733
3797
3665
2389
2421
2323
2357
2293
1669
1700
956
1571
1604
988
925
1636
895
1021
266
327
296
360
234
1419
1383
1597
1780
2287
1816
1349
1241
1636
1313
1206
2323
1490
1709
2360
1526
1744
1132
1563
1097
2254
1454
1170
1999
2182
1852
1059
2071
1889
2219
2109
2146
1027
1964
2396
989
953
1926
736
699
631
665
415
379
309
344
61
26
96
1026
1
262153
5
names
16
14
262153
11
SampleDepth
262153
7
Sources
262153
7
Station
262153
4
Time
262153
8
Latitude
262153
9
Longitude
262153
3
Xkm
262153
3
Ykm
262153
5
Month
262153
4
Year
262153
11
BottomDepth
262153
6
Season
262153
9
Discovery
262153
13
RelativeDepth
1026
1
262153
5
class
16
1
262153
10
data.frame
1026
1
262153
9
row.names
13
2
NA
-789
254
254
